[
[ 0.59, -0.85, 4.654 ],
[ -0.72, -0.55, 1.111 ],
[ 0.12, -0.3, 2.044 ],
[ -0.8100000000000001, 0.97, -3.461 ],
[ -0.45, -0.5600000000000001, 1.744 ],
[ -0.77, 0.8, -2.871 ],
[ 0.72, 0.37, 1.297 ],
[ -0.06, 0.9400000000000001, -1.912 ],
[ 0.05, 0.8, -1.304 ],
[ 0.63, 0.9, -0.4530000000000002 ],
[ 0.49, -0.85, 4.459 ],
[ 0.6, -0.68, 4.301 ],
[ -0.19, 0.8100000000000001, -1.793 ],
[ -0.09, -0.49, 2.363 ],
[ -0.22, 0.29, -0.2829999999999998 ],
[ -0.75, 0.22, -1.107 ],
[ -0.78, -0.18, 0.02599999999999998 ],
[ -0.19, -0.33, 1.576 ],
[ 0.9400000000000001, -0.51, 4.462 ],
[ -0.24, 0.46, -0.9550000000000001 ],
[ 0.8100000000000001, -0.38, 3.799 ],
[ 0.93, 0.37, 1.651 ],
[ 0.38, 0.79, -0.6430000000000001 ],
[ 0.9, -0.98, 5.758 ],
[ 0.28, 0.61, -0.174 ],
[ 0.89, -0.44, 4.111 ],
[ 0.5700000000000001, 0.47, 0.733 ],
[ -0.05, -0.76, 3.143 ],
[ -0.06, 0.06, 0.6899999999999999 ],
[ 0.1, -0.99, 4.249 ],
[ -0.18, -0.88, 3.321 ],
[ 0.31, 0.71, -0.5539999999999998 ],
[ 0.42, 0.85, -0.6709999999999999 ],
[ -0.21, -0.45, 2.015 ],
[ -0.27, 0.73, -1.826 ],
[ 0.35, -0.48, 3.1 ],
[ -0.09, 0.85, -1.797 ],
[ 0.45, 0.12, 1.635 ],
[ -0.8200000000000001, -0.06, -0.4210000000000002 ],
[ 0.72, -0.65, 4.455000000000001 ],
[ 0.16, 0.87, -1.269 ],
[ -0.66, -0.75, 1.945 ],
[ 0.32, 0.01, 1.563 ],
[ 0.16, 0.6900000000000001, -0.8460000000000002 ],
[ 0.98, -0.62, 4.738 ],
[ -0.43, 0.96, -2.815 ],
[ 0.76, 0.78, 0.1080000000000002 ],
[ 0.67, 0.09, 2.15 ],
[ 0.42, -0.01, 1.917 ],
[ -0.85, 0.28, -1.535 ],
[ -0.15, -0.07000000000000001, 0.865 ],
[ -0.61, -0.23, 0.4520000000000001 ],
[ 0.14, -0.06, 1.553 ],
[ -0.62, 0.34, -1.292 ],
[ 0.5600000000000001, 0.49, 0.7330000000000001 ],
[ -0.2, -0.04, 0.659 ],
[ -0.25, -0.91, 3.154 ],
[ -0.16, -0.53, 2.327 ],
[ 0.72, -0.72, 4.597 ],
[ -0.55, 1., -3.03 ],
[ -0.88, 0.9, -3.471 ],
[ 0.31, 0.97, -1.283 ],
[ -0.07000000000000001, -0.47, 2.216 ],
[ 0.55, 0.61, 0.234 ],
[ -0.62, 0.98, -3.272 ],
[ 0.5, 0.16, 1.469 ],
[ 0.91, 0.73, 0.6420000000000001 ],
[ 0.38, 0.4, 0.6519999999999998 ],
[ 1., 0.02, 2.986 ],
[ -0.22, -0.28, 1.372 ],
[ 0.67, 0.02, 2.237 ],
[ 0.92, -0.49, 4.33 ],
[ 0.47, 0.22, 1.217 ],
[ -0.79, -0.85, 1.884 ],
[ 0.75, -0.98, 5.494999999999999 ],
[ -0.48, 0.54, -1.523 ],
[ 0.9500000000000001, 0.51, 1.315 ],
[ 0.41, -0.43, 3.16 ],
[ 0.33, -0.75, 3.868 ],
[ -0.27, 0.99, -2.425 ],
[ 0.5, 0.15, 1.576 ],
[ 0.58, 0.8100000000000001, -0.3160000000000002 ],
[ 0.33, 0.93, -1.135 ],
[ 0.9, 0.16, 2.319 ],
[ -0.65, 0.92, -2.967000000000001 ],
[ -0.98, 0.97, -3.921 ],
[ 0.92, -0.24, 3.657 ],
[ 0.06, 0.8200000000000001, -1.256 ],
[ 0.62, -0.03, 2.234 ],
[ 0.55, -0.46, 3.387 ],
[ -0.34, -0.9, 3.072 ],
[ 0.67, -0.34, 3.275 ],
[ 0.35, 0.26, 0.902 ],
[ -0.5700000000000001, -0.16, 0.3689999999999999 ],
[ 0.8, 0.48, 1.125 ],
[ 0.98, 0.62, 1.064 ],
[ 0.96, -0.5600000000000001, 4.667999999999999 ],
[ 0.8200000000000001, -0.52, 4.198 ],
[ 0.9, -0.02, 2.811 ],
[ -0.17, -0.35, 1.723 ],
]
