[
[ 0.59, -0.85, 0 ],
[ -0.76, -0.72, 0 ],
[ -0.55, -0.99, 0 ],
[ 0.12, -0.3, 1 ],
[ -0.96, -0.8100000000000001, 0 ],
[ 0.97, 0.6900000000000001, 1 ],
[ -0.45, -0.5600000000000001, 0 ],
[ -0.36, -0.77, 0 ],
[ 0.8, 0.6900000000000001, 1 ],
[ 0.72, 0.37, 1 ],
[ -0.33, -0.06, 1 ],
[ 0.9400000000000001, 0.28, 1 ],
[ 0.05, 0.8, 0 ],
[ -0.04, 0.63, 0 ],
[ 0.9, -0.13, 1 ],
[ 0.49, -0.85, 0 ],
[ -0.71, 0.6, 1 ],
[ -0.68, 0.61, 1 ],
[ -0.19, 0.8100000000000001, 0 ],
[ 0.17, -0.09, 1 ],
[ -0.49, 0.73, 1 ],
[ -0.22, 0.29, 0 ],
[ 0.27, -0.75, 0 ],
[ 0.22, 0.53, 0 ],
[ -0.78, -0.18, 1 ],
[ 0.46, -0.19, 1 ],
[ -0.33, -0.34, 1 ],
[ 0.9400000000000001, -0.51, 0 ],
[ 0.52, -0.24, 1 ],
[ 0.46, -0.9500000000000001, 0 ],
[ 0.8100000000000001, -0.38, 1 ],
[ 0.39, 0.93, 1 ],
[ 0.37, -0.99, 0 ],
[ 0.38, 0.79, 1 ],
[ -0.33, 0.9, 1 ],
[ -0.98, 0.18, 1 ],
[ 0.28, 0.61, 0 ],
[ 0.96, 0.89, 1 ],
[ -0.44, 0.11, 1 ],
[ 0.5700000000000001, 0.47, 1 ],
[ 0.03, -0.05, 1 ],
[ -0.76, -0.37, 1 ],
[ -0.06, 0.06, 1 ],
[ -0.1, 0.1, 1 ],
[ -0.99, 0.79, 1 ],
[ -0.18, -0.88, 0 ],
[ 0.41, 0.31, 1 ],
[ 0.71, -0.44, 1 ],
[ 0.42, 0.85, 1 ],
[ 0.39, -0.21, 1 ],
[ -0.45, 0.85, 1 ],
[ -0.27, 0.73, 0 ],
[ -0.96, 0.35, 1 ],
[ -0.48, -0.4, 1 ],
[ -0.09, 0.85, 0 ],
[ -0.67, 0.45, 1 ],
[ 0.12, 0.9500000000000001, 1 ],
[ -0.8200000000000001, -0.06, 1 ],
[ 0.39, 0.72, 1 ],
[ -0.65, 0.65, 1 ],
[ 0.16, 0.87, 1 ],
[ 0.21, -0.66, 0 ],
[ -0.75, 0.15, 1 ],
[ 0.32, 0.01, 1 ],
[ -0.47, 0.16, 1 ],
[ 0.6900000000000001, -0.96, 0 ],
[ 0.98, -0.62, 0 ],
[ -0.8200000000000001, -0.43, 1 ],
[ 0.96, -0.75, 0 ],
[ 0.76, 0.78, 1 ],
[ -0.72, 0.67, 1 ],
[ 0.09, 0.8, 0 ],
[ 0.42, -0.01, 1 ],
[ 0.47, -0.85, 0 ],
[ 0.28, 0.05, 1 ],
[ -0.15, -0.07000000000000001, 1 ],
[ -0.45, -0.61, 0 ],
[ -0.23, -0.18, 1 ],
[ 0.14, -0.06, 1 ],
[ 0.93, -0.62, 0 ],
[ 0.34, -0.32, 1 ],
[ 0.5600000000000001, 0.49, 1 ],
[ 0.8300000000000001, -0.2, 1 ],
[ -0.04, -0.61, 0 ],
[ -0.25, -0.91, 0 ],
[ -0.76, -0.16, 1 ],
[ -0.53, 0.5700000000000001, 1 ],
[ 0.72, -0.72, 0 ],
[ -0.03, -0.55, 0 ],
[ 1., 0.7000000000000001, 1 ],
[ -0.88, 0.9, 1 ],
[ -0.11, 0.31, 0 ],
[ 0.97, 0.07000000000000001, 1 ],
[ -0.07000000000000001, -0.47, 1 ],
[ -0.54, 0.55, 1 ],
[ 0.61, -0.36, 1 ],
[ -0.62, 0.98, 1 ],
[ -0.92, 0.5, 1 ],
[ 0.16, -0.51, 0 ],
[ 0.91, 0.73, 1 ],
[ 0.12, 0.38, 0 ],
[ 0.4, 0.92, 1 ],
[ 1., 0.02, 1 ],
[ 0.46, -0.22, 1 ],
[ -0.28, -0.28, 1 ],
[ 0.67, 0.02, 1 ],
[ -0.43, 0.92, 1 ],
[ -0.49, 0.2, 1 ],
[ 0.47, 0.22, 1 ],
[ -0.63, -0.79, 0 ],
[ -0.85, -0.86, 0 ],
[ 0.75, -0.98, 0 ],
[ 0.55, -0.48, 1 ],
[ 0.54, 0.5700000000000001, 1 ],
[ 0.9500000000000001, 0.51, 1 ],
[ -0.55, 0.41, 1 ],
[ -0.43, 0.5, 1 ],
[ 0.33, -0.75, 0 ],
[ -0.42, -0.27, 1 ],
[ 0.99, 0.85, 1 ],
[ 0.5, 0.15, 1 ],
[ 0.26, 0.58, 0 ],
[ 0.8100000000000001, -0.46, 1 ],
[ 0.33, 0.93, 1 ],
[ -0.05, 0.9, 1 ],
[ 0.16, -0.01, 1 ],
[ -0.65, 0.92, 1 ],
[ 0.93, -0.98, 0 ],
[ 0.97, -0.51, 0 ],
[ 0.92, -0.24, 1 ],
[ 0.97, 0.06, 1 ],
[ 0.8200000000000001, 0.84, 1 ],
[ 0.62, -0.03, 1 ],
[ -0.96, 0.55, 1 ],
[ -0.46, -0.93, 0 ],
[ -0.34, -0.9, 0 ],
[ 0.52, 0.67, 1 ],
[ -0.34, -0.85, 0 ],
[ 0.35, 0.26, 1 ],
[ -0.18, -0.5700000000000001, 0 ],
[ -0.16, 0.29, 0 ],
[ 0.8, 0.48, 1 ],
[ -0.35, 0.98, 1 ],
[ 0.62, -0.36, 1 ],
[ 0.96, -0.5600000000000001, 0 ],
[ 0.68, 0.8200000000000001, 1 ],
[ -0.52, -0.02, 1 ],
[ 0.9, -0.02, 1 ],
[ -0.49, -0.17, 1 ],
[ -0.35, 0.13, 1 ],
[ 0.9500000000000001, -0.96, 0 ],
[ -0.86, -0.8100000000000001, 0 ],
[ 0.34, -0.24, 1 ],
[ 0.8200000000000001, 0.13, 1 ],
[ -0.8300000000000001, 0.06, 1 ],
[ -0.4, 0.9400000000000001, 1 ],
[ 0.68, -0.29, 1 ],
[ 0.35, 0.41, 0 ],
[ 0.14, 0.92, 1 ],
[ 0.09, -0.37, 1 ],
[ -0.89, -0.93, 0 ],
[ -0.41, -0.14, 1 ],
[ -0.75, 0.91, 1 ],
[ -0.77, -0.71, 0 ],
[ -0.01, 0.7000000000000001, 0 ],
[ -0.2, 0.01, 1 ],
[ 0.28, 0.9400000000000001, 1 ],
[ -0.84, -0.09, 1 ],
[ 0.29, 0.9, 1 ],
[ -0.6, -0.06, 1 ],
[ -0.29, -0.47, 1 ],
[ -0.86, -0.53, 0 ],
[ 0.41, -0.98, 0 ],
[ 0.2, 0.22, 0 ],
[ 0.44, -0.68, 0 ],
[ -0.01, -0.21, 1 ],
[ 0.19, -0.44, 1 ],
[ 0.05, 0.99, 1 ],
[ -0.02, 0.32, 0 ],
[ -0.9400000000000001, 0.71, 1 ],
[ -0.71, -0.9, 0 ],
[ 0.31, -0.21, 1 ],
[ -0.54, 0.44, 1 ],
[ -0.7000000000000001, -0.66, 0 ],
[ -0.93, -0.43, 1 ],
[ 0.49, 0.88, 1 ],
[ -0.65, -0.91, 0 ],
[ -0.71, -0.27, 1 ],
[ 0.64, 0.65, 1 ],
[ -0.8200000000000001, 0.18, 1 ],
[ 0.12, 0.26, 0 ],
[ -0.62, -0.39, 1 ],
[ 0.5, -0.39, 1 ],
[ 0.3, 0.08, 1 ],
[ -0.44, -0.6, 0 ],
[ 0.14, 0.18, 0 ],
[ -0.72, 0.8200000000000001, 1 ],
[ -0.14, -0.24, 1 ],
[ -0.87, -0.37, 1 ],
[ -0.39, 0.72, 1 ],
[ 0.96, 0.5700000000000001, 1 ],
[ -0.16, 0.38, 0 ],
[ -0.8200000000000001, 0.92, 1 ],
[ 0.72, -0.92, 0 ],
[ -0.28, 0.29, 0 ],
[ 0.16, -0.72, 0 ],
[ 0.71, 0.75, 1 ],
[ -0.89, -0.14, 1 ],
[ -0.35, -0.28, 1 ],
[ -0.48, -0.79, 0 ],
[ 0.7000000000000001, -0.89, 0 ],
[ -0.92, -0.05, 1 ],
[ 0.13, -0.45, 1 ],
[ 0.42, -0.63, 0 ],
[ -0.52, -0.02, 1 ],
[ -0.26, 0.54, 0 ],
[ -0.38, 0.62, 0 ],
[ -0.6, 0.19, 1 ],
[ 0.4, 0.29, 1 ],
[ -0.39, -0.73, 0 ],
[ 0.48, 0.41, 1 ],
[ 0.39, -0.29, 1 ],
[ -0.48, -0.25, 1 ],
[ -0.97, 0.15, 1 ],
[ 0.62, -0.84, 0 ],
[ 0.66, -0.93, 0 ],
[ -0.97, 0.26, 1 ],
[ -0.74, 0.05, 1 ],
[ 0.37, -0.86, 0 ],
[ 0.64, 0.36, 1 ],
[ -0.37, -0.51, 0 ],
[ 0.88, -0.11, 1 ],
[ -0.75, -0.53, 0 ],
[ 0.8300000000000001, 0.76, 1 ],
[ -0.11, -0.37, 1 ],
[ 0.5, 0.9500000000000001, 1 ],
[ -0.67, 0.03, 1 ],
[ -0.79, -0.84, 0 ],
[ 0.49, 0.39, 1 ],
[ -0.61, 0.76, 1 ],
[ 0.32, 0.05, 1 ],
[ -0.5600000000000001, -0.52, 0 ],
[ -0.02, -0.15, 1 ],
[ -0.72, -0.25, 1 ],
[ -0.55, 0.64, 1 ],
[ 0.8300000000000001, -0.34, 1 ],
[ -0.89, -0.8100000000000001, 0 ],
[ 0.34, 0.66, 0 ],
[ -0.27, -0.16, 1 ],
[ 0.38, -0.32, 1 ],
[ 0.6, -0.11, 1 ],
[ -0.44, 0.54, 1 ],
[ -0.41, -0.25, 1 ],
[ 0.78, -0.9, 0 ],
[ 0.23, 0.24, 0 ],
[ -0.48, -0.36, 1 ],
[ -0.32, -0.9400000000000001, 0 ],
[ 0.84, -0.5, 0 ],
[ -0.87, 0.8300000000000001, 1 ],
[ 0.98, 0.9400000000000001, 1 ],
[ -0.51, 0.78, 1 ],
[ 0.41, 1., 1 ],
[ 0.91, 0.25, 1 ],
[ -0.74, 0.37, 1 ],
[ 0.35, 0.91, 1 ],
[ 0.35, -0.38, 1 ],
[ -0.78, -0.78, 0 ],
[ -0.8100000000000001, -0.46, 1 ],
[ 0.91, -0.93, 0 ],
[ -0.71, -0.06, 1 ],
[ 0.76, -0.61, 0 ],
[ -0.27, 0.96, 1 ],
[ 0.04, -0.02, 1 ],
[ 0.28, 0.39, 0 ],
[ -0.4, 0.8100000000000001, 1 ],
[ 0.45, -0.48, 1 ],
[ -0.91, -0.68, 0 ],
[ -0.33, 0.78, 1 ],
[ 0.93, -0.02, 1 ],
[ 0.14, -0.77, 0 ],
[ -0.8200000000000001, -0.91, 0 ],
[ 0.6, -0.71, 0 ],
[ -0.15, -0.08, 1 ],
[ -0.14, 0.28, 0 ],
[ -0.77, -0.49, 1 ],
[ -0.19, -0.68, 0 ],
[ 0.88, -0.99, 0 ],
[ -0.67, 0.87, 1 ],
[ -0.84, -0.5, 0 ],
[ -0.35, -0.7000000000000001, 0 ],
[ 0.6, -0.92, 0 ],
[ -0.24, 0.47, 0 ],
[ 0.26, 0.34, 0 ],
[ 0.86, -0.63, 0 ],
[ -0.9500000000000001, -0.02, 1 ],
[ -0.31, 0.75, 0 ],
[ -0.9500000000000001, 0.17, 1 ],
[ -0.49, 0.8, 1 ],
[ -0.24, -0.6900000000000001, 0 ],
[ -0.37, 0.61, 0 ],
[ 0.51, -0.37, 1 ],
[ -0.58, -0.97, 0 ],
[ 0.71, -0.4, 1 ],
[ 0.06, 0.39, 0 ],
[ 0.59, -0.17, 1 ],
[ -0.98, -0.8, 0 ],
[ -0.43, 0.72, 1 ],
[ -0.5700000000000001, 0.49, 1 ],
[ 0.58, 0.86, 1 ],
[ -0.19, -0.51, 0 ],
[ 0.43, -0.7000000000000001, 0 ],
[ 0.76, 0.91, 1 ],
[ -0.58, -0.38, 1 ],
[ 0.44, 0.63, 1 ],
[ 0.2, 0.97, 1 ],
[ 0.11, -0.12, 1 ],
[ -0.9, 0.3, 1 ],
[ -0.17, 0.01, 1 ],
[ 1., -0.47, 1 ],
[ -0.3, 0.73, 0 ],
[ 0.9500000000000001, 0.9500000000000001, 1 ],
[ -0.72, -0.8, 0 ],
[ -0.4, -0.62, 0 ],
[ 0.8100000000000001, -0.21, 1 ],
[ 0.47, 0.54, 1 ],
[ -0.44, 0.5700000000000001, 1 ],
[ -0.64, 0.22, 1 ],
[ -0.68, 0.08, 1 ],
[ 0.3, 0.86, 1 ],
[ 0.96, 0.63, 1 ],
[ -0.99, -0.47, 1 ],
[ 0.01, 0.54, 0 ],
[ 0.4, 0.85, 1 ],
[ -0.97, -0.28, 1 ],
[ 0.11, -0.41, 1 ],
[ -0.42, 0.44, 1 ],
[ -0.2, 0.5, 0 ],
[ 0.77, 0.46, 1 ],
[ -0.1, 0.62, 0 ],
[ 0.87, -0.16, 1 ],
[ -0.12, -0.37, 1 ],
[ -0.49, 0.2, 1 ],
[ 0.98, -0.06, 1 ],
[ -0.8, 0.1, 1 ],
[ -0.36, -0.32, 1 ],
[ 0.27, 0.32, 0 ],
[ 0.9500000000000001, -0.03, 1 ],
[ 0.17, 0.66, 0 ],
[ -0.98, -0.07000000000000001, 1 ],
[ -0.87, -0.9500000000000001, 0 ],
[ -0.08, -0.44, 1 ],
[ -0.48, -0.36, 1 ],
[ 0.22, 0.17, 0 ],
[ 0.38, 0.01, 1 ],
[ 0.99, 1., 1 ],
[ -0.5600000000000001, -0.73, 0 ],
[ 0.8200000000000001, -0.09, 1 ],
[ -0.62, -0.23, 1 ],
[ 0.49, 0.07000000000000001, 1 ],
[ 0.87, 0.87, 1 ],
[ -0.48, 0.78, 1 ],
[ -0.18, -0.5700000000000001, 0 ],
[ 0.77, -0.61, 0 ],
[ 0.45, -0.74, 0 ],
[ -0.9, 0.18, 1 ],
[ -0.13, 0.43, 0 ],
[ 0.26, 0.89, 1 ],
[ 0.35, -0.68, 0 ],
[ 0.34, -0.39, 1 ],
[ -0.1, -0.6, 0 ],
[ -0.72, -0.32, 1 ],
[ -0.68, 0.32, 1 ],
[ 0.02, -0.45, 1 ],
[ -0.65, 0.04, 1 ],
[ 0.84, 0.76, 1 ],
[ -0.84, -0.32, 1 ],
[ -0.4, -0.07000000000000001, 1 ],
[ 0.35, -0.19, 1 ],
[ 0.36, -0.65, 0 ],
[ 0.67, -0.3, 1 ],
[ 0.86, 0.65, 1 ],
[ -0.38, 0.9400000000000001, 1 ],
[ -0.79, 0.17, 1 ],
[ 0.86, -0.8100000000000001, 0 ],
[ 0.77, 0.98, 1 ],
[ 0.21, -0.07000000000000001, 1 ],
[ 0.6900000000000001, -0.11, 1 ],
[ 0.86, -0.8100000000000001, 0 ],
[ 0.8, 0.02, 1 ],
[ -0.09, -0.39, 1 ],
[ -0.64, 0.85, 1 ],
[ 0.52, 0.05, 1 ],
[ -0.74, -0.27, 1 ],
[ 0.43, 0.1, 1 ],
[ -0.13, 0.68, 0 ],
[ -0.93, -0.06, 1 ],
[ 0.58, -0.48, 1 ],
[ -0.46, 0.15, 1 ],
[ 0.47, 0.22, 1 ],
[ -0.6900000000000001, 0.2, 1 ],
[ 0.98, -0.54, 0 ],
[ -0.3, 0.07000000000000001, 1 ],
[ -0.39, -0.68, 0 ],
[ -0.32, 0.02, 1 ],
[ -0.13, 0.02, 1 ],
[ 0.53, 0.11, 1 ],
[ -0.21, 0.41, 0 ],
[ -0.6900000000000001, -0.62, 0 ],
[ -0.01, -0.68, 0 ],
[ -0.17, 0.29, 0 ],
[ -0.72, -1., 0 ],
[ -0.85, 0.6900000000000001, 1 ],
[ -0.72, -0.78, 0 ],
[ -0.22, 0.07000000000000001, 1 ],
[ 0.21, -0.98, 0 ],
[ -0.8, -0.51, 0 ],
[ 0.06, -0.78, 0 ],
[ -0.92, -0.78, 0 ],
[ -0.59, 0.5600000000000001, 1 ],
[ 0.05, 0.87, 0 ],
[ 0.16, -0.3, 1 ],
[ -0.36, -0.1, 1 ],
[ 0.55, -0.8, 0 ],
[ 0.75, -0.5600000000000001, 0 ],
[ -0.97, -0.79, 0 ],
[ 0.48, -0.84, 0 ],
[ 0.38, 0.04, 1 ],
[ 0.01, -0.3, 1 ],
[ 0.32, -0.44, 1 ],
[ 0.17, -0.22, 1 ],
[ -0.08, -0.89, 0 ],
[ 0.92, -0.35, 1 ],
[ 0.35, -0.96, 0 ],
[ -0.78, 0.8100000000000001, 1 ],
[ 0.39, 0.37, 1 ],
[ -0.43, 0.66, 1 ],
[ 0.98, -0.51, 0 ],
[ -0.2, 0.89, 1 ],
[ 1., 0.25, 1 ],
[ 0.58, -0.6900000000000001, 0 ],
[ 0.54, 0.22, 1 ],
[ -0.7000000000000001, -0.86, 0 ],
[ 0.52, -0.9, 0 ],
[ 0.8, -0.38, 1 ],
[ -0.46, 0.84, 1 ],
[ -0.14, 0.48, 0 ],
[ 0.66, -0.71, 0 ],
[ -0.72, -0.76, 0 ],
[ 0.28, 0.19, 1 ],
[ -0.86, -0.03, 1 ],
[ -0.11, 0.9500000000000001, 1 ],
[ -0.01, -0.33, 1 ],
[ 0.38, -0.91, 0 ],
[ 0.9, 0.08, 1 ],
[ -0.7000000000000001, -0.05, 1 ],
[ -0.47, 0.33, 1 ],
[ -0.1, 0.02, 1 ],
[ 0.84, -0.61, 0 ],
[ -0.93, -0.55, 0 ],
[ 0.89, 0.43, 1 ],
[ -0.9500000000000001, -0.84, 0 ],
[ -0.9400000000000001, 0.6, 1 ],
[ 0.01, -0.67, 0 ],
[ -0.58, 0.72, 1 ],
[ 0.5600000000000001, -0.8, 0 ],
[ -0.19, 0.74, 0 ],
[ 0.25, 0.77, 0 ],
[ 0.09, 0.73, 0 ],
[ 0.51, 0.9400000000000001, 1 ],
[ -0.77, -0.45, 1 ],
[ -0.52, -0.09, 1 ],
[ -0.5, 0.12, 1 ],
[ 0.19, 0.52, 0 ],
[ -0.32, -0.64, 0 ],
[ 0.89, -0.38, 1 ],
[ 0.93, -0.68, 0 ],
[ -0.3, 0.44, 0 ],
[ -0.24, -0.67, 0 ],
[ -0.35, -0.23, 1 ],
[ -0.37, 0.51, 0 ],
[ -0.89, 0.09, 1 ],
[ 0.72, -0.89, 0 ],
[ -0.99, 0.9400000000000001, 1 ],
[ -0.1, 0.13, 0 ],
[ -0.8200000000000001, -0.58, 0 ],
[ 0.39, 0.64, 1 ],
[ -0.86, -0.7000000000000001, 0 ],
[ -0.43, -0.63, 0 ],
[ -0.01, 0.02, 1 ],
[ -0.87, 0.9, 1 ],
[ -0.68, 0.21, 1 ],
[ -0.72, -0.72, 0 ],
[ -0.47, -0.9500000000000001, 0 ],
[ -0.91, 0.13, 1 ],
[ 1., 0.9400000000000001, 1 ],
[ -0.41, -0.8200000000000001, 0 ],
[ -0.8300000000000001, 0.15, 1 ],
[ -0.68, 0.49, 1 ],
[ 0.5700000000000001, -0.72, 0 ],
[ 0.87, -0.12, 1 ],
];
